深度	RXO2	RT2	AC2	CNL2	DEN2	CAL2	GR2	RM	GS	AM	M
3166.5	0.246	0.218	0.372	0.198	0.485	0.348	0.189	0.488	0.023	0.173	-0.005
3166.625	0.239	0.209	0.378	0.198	0.477	0.351	0.176	0.488	0.023	0.173	-0.005
3166.75	0.24	0.207	0.377	0.203	0.485	0.352	0.181	0.488	0.023	0.173	-0.005
3166.875	0.247	0.21	0.374	0.212	0.503	0.353	0.191	0.488	0.023	0.173	-0.005
3167	0.256	0.217	0.364	0.222	0.521	0.352	0.193	0.488	0.023	0.173	-0.005
3167.125	0.27	0.228	0.352	0.23	0.539	0.352	0.188	0.488	0.023	0.173	-0.005
3167.25	0.289	0.243	0.343	0.234	0.555	0.352	0.185	0.488	0.023	0.173	-0.005
3167.375	0.298	0.251	0.339	0.228	0.562	0.353	0.185	0.488	0.023	0.173	-0.005
3167.5	0.295	0.249	0.341	0.219	0.564	0.354	0.179	0.488	0.023	0.173	-0.005
3167.625	0.277	0.233	0.354	0.211	0.566	0.359	0.169	0.488	0.023	0.173	-0.005
3167.75	0.257	0.215	0.38	0.212	0.564	0.364	0.162	0.488	0.023	0.173	-0.005
3167.875	0.238	0.199	0.409	0.219	0.564	0.37	0.163	0.488	0.023	0.173	-0.005
3168	0.224	0.186	0.428	0.225	0.568	0.375	0.168	0.488	0.023	0.173	-0.005
3168.125	0.22	0.183	0.434	0.228	0.575	0.377	0.174	0.488	0.023	0.173	-0.005
3168.25	0.223	0.186	0.433	0.229	0.589	0.378	0.176	0.488	0.023	0.173	-0.005
3168.375	0.229	0.192	0.428	0.231	0.602	0.377	0.17	0.488	0.023	0.173	-0.005
3168.5	0.238	0.201	0.421	0.228	0.613	0.377	0.157	0.488	0.023	0.173	-0.005
3168.625	0.255	0.217	0.41	0.219	0.623	0.381	0.147	0.488	0.023	0.173	-0.005
3168.75	0.269	0.231	0.403	0.214	0.627	0.386	0.151	0.488	0.023	0.173	-0.005
3168.875	0.284	0.245	0.389	0.215	0.625	0.388	0.164	0.488	0.023	0.173	-0.005
3169	0.301	0.262	0.353	0.216	0.616	0.384	0.174	0.488	0.023	0.173	-0.005
3169.125	0.313	0.274	0.318	0.211	0.605	0.376	0.177	0.488	0.023	0.173	-0.005
3169.25	0.324	0.285	0.302	0.203	0.591	0.369	0.184	0.488	0.023	0.173	-0.005
3169.375	0.337	0.3	0.312	0.194	0.577	0.361	0.193	0.488	0.023	0.173	-0.005
3169.5	0.346	0.309	0.324	0.189	0.571	0.358	0.196	0.488	0.023	0.173	-0.005
3169.625	0.353	0.317	0.339	0.184	0.573	0.356	0.184	0.488	0.023	0.173	-0.005
3169.75	0.358	0.324	0.36	0.179	0.577	0.354	0.168	0.488	0.023	0.173	-0.005
3169.875	0.361	0.328	0.364	0.178	0.586	0.351	0.149	0.488	0.023	0.173	-0.005
3170	0.362	0.33	0.35	0.174	0.596	0.35	0.136	0.488	0.023	0.173	-0.005
3170.125	0.359	0.329	0.328	0.167	0.605	0.35	0.14	0.488	0.023	0.173	-0.005
3170.25	0.351	0.322	0.317	0.156	0.614	0.352	0.158	0.488	0.023	0.173	-0.005
3170.375	0.339	0.311	0.306	0.146	0.623	0.355	0.179	0.488	0.023	0.173	-0.005
3170.5	0.331	0.303	0.287	0.145	0.629	0.358	0.187	0.488	0.023	0.173	-0.005
3170.625	0.338	0.317	0.266	0.149	0.632	0.357	0.183	0.488	0.023	0.173	-0.005
3170.75	0.365	0.349	0.235	0.157	0.638	0.351	0.169	0.488	0.023	0.173	-0.005
3170.875	0.39	0.366	0.216	0.163	0.645	0.343	0.153	0.488	0.023	0.173	-0.005
3171	0.413	0.369	0.189	0.165	0.659	0.334	0.129	0.408	0.042	0.058	-0.083
3171.125	0.447	0.389	0.131	0.165	0.677	0.324	0.1	0.408	0.042	0.058	-0.083
3171.25	0.51	0.442	0.075	0.167	0.705	0.315	0.069	0.408	0.042	0.058	-0.083
3171.375	0.57	0.493	0.032	0.161	0.744	0.305	0.042	0.408	0.042	0.058	-0.083
3171.5	0.585	0.506	0.008	0.139	0.775	0.3	0.038	0.408	0.042	0.058	-0.083
3171.625	0.55	0.477	0	0.094	0.796	0.301	0.047	0.408	0.042	0.058	-0.083
3171.75	0.478	0.418	0.004	0.04	0.818	0.306	0.052	0.408	0.042	0.058	-0.083
3171.875	0.421	0.372	0.028	0.012	0.825	0.312	0.049	0.408	0.042	0.058	-0.083
3172	0.397	0.354	0.088	0.001	0.823	0.319	0.047	0.55	0.061	0.148	0.043
3172.125	0.364	0.332	0.176	0	0.807	0.328	0.054	0.55	0.061	0.148	0.043
3172.25	0.324	0.305	0.226	0.008	0.787	0.332	0.067	0.55	0.061	0.148	0.043
3172.375	0.289	0.268	0.271	0.026	0.764	0.334	0.087	0.55	0.061	0.148	0.043
3172.5	0.262	0.229	0.347	0.059	0.737	0.335	0.121	0.55	0.061	0.148	0.043
3172.625	0.249	0.213	0.39	0.088	0.721	0.336	0.152	0.55	0.061	0.148	0.043
3172.75	0.245	0.207	0.403	0.119	0.71	0.337	0.184	0.55	0.061	0.148	0.043
3172.875	0.247	0.207	0.4	0.147	0.703	0.339	0.211	0.55	0.061	0.148	0.043
3173	0.257	0.215	0.396	0.167	0.697	0.339	0.214	0.55	0.061	0.148	0.043
3173.125	0.272	0.226	0.39	0.186	0.69	0.34	0.203	0.55	0.061	0.148	0.043
3173.25	0.281	0.234	0.377	0.196	0.686	0.34	0.193	0.55	0.061	0.148	0.043
3173.375	0.286	0.238	0.366	0.199	0.683	0.34	0.189	0.55	0.061	0.148	0.043
3173.5	0.29	0.243	0.361	0.195	0.681	0.34	0.176	0.55	0.061	0.148	0.043
3173.625	0.292	0.246	0.361	0.19	0.679	0.339	0.158	0.55	0.061	0.148	0.043
3173.75	0.293	0.248	0.365	0.189	0.674	0.338	0.138	0.55	0.061	0.148	0.043
3173.875	0.293	0.25	0.377	0.19	0.665	0.335	0.123	0.55	0.061	0.148	0.043
3174	0.294	0.252	0.393	0.188	0.656	0.331	0.119	0.514	0.014	0.143	0.013
3174.125	0.297	0.256	0.405	0.176	0.647	0.328	0.12	0.514	0.014	0.143	0.013
3174.25	0.301	0.262	0.407	0.154	0.638	0.327	0.125	0.514	0.014	0.143	0.013
3174.375	0.304	0.266	0.404	0.137	0.634	0.329	0.131	0.514	0.014	0.143	0.013
3174.5	0.307	0.27	0.396	0.131	0.636	0.333	0.14	0.514	0.014	0.143	0.013
3174.625	0.309	0.273	0.38	0.131	0.64	0.337	0.147	0.514	0.014	0.143	0.013
3174.75	0.308	0.273	0.368	0.137	0.643	0.341	0.149	0.514	0.014	0.143	0.013
3174.875	0.301	0.268	0.368	0.142	0.647	0.342	0.148	0.514	0.014	0.143	0.013
3175	0.292	0.26	0.371	0.143	0.649	0.34	0.147	0.514	0.014	0.143	0.013
3175.125	0.282	0.251	0.378	0.141	0.649	0.339	0.15	0.514	0.014	0.143	0.013
3175.25	0.272	0.241	0.393	0.135	0.647	0.338	0.155	0.514	0.014	0.143	0.013
3175.375	0.266	0.236	0.408	0.129	0.649	0.336	0.154	0.514	0.014	0.143	0.013
3175.5	0.263	0.234	0.417	0.124	0.652	0.333	0.146	0.514	0.014	0.143	0.013
3175.625	0.261	0.232	0.417	0.125	0.656	0.331	0.137	0.514	0.014	0.143	0.013
3175.75	0.26	0.232	0.416	0.13	0.658	0.333	0.136	0.541	0.03	0.176	0.05
3175.875	0.259	0.231	0.413	0.136	0.661	0.338	0.142	0.541	0.03	0.176	0.05
3176	0.258	0.23	0.407	0.139	0.663	0.345	0.151	0.541	0.03	0.176	0.05
3176.125	0.259	0.231	0.399	0.14	0.667	0.348	0.159	0.541	0.03	0.176	0.05
3176.25	0.263	0.236	0.388	0.145	0.674	0.348	0.166	0.541	0.03	0.176	0.05
3176.375	0.269	0.242	0.373	0.155	0.679	0.346	0.168	0.541	0.03	0.176	0.05
3176.5	0.275	0.248	0.366	0.169	0.688	0.342	0.168	0.541	0.03	0.176	0.05
3176.625	0.279	0.253	0.363	0.184	0.697	0.339	0.173	0.541	0.03	0.176	0.05
3176.75	0.278	0.252	0.363	0.189	0.701	0.337	0.18	0.541	0.03	0.176	0.05
3176.875	0.273	0.248	0.371	0.188	0.701	0.335	0.187	0.541	0.03	0.176	0.05
3177	0.264	0.241	0.381	0.189	0.697	0.332	0.196	0.541	0.03	0.176	0.05
3177.125	0.259	0.237	0.385	0.19	0.695	0.332	0.203	0.541	0.03	0.176	0.05
3177.25	0.256	0.234	0.386	0.188	0.694	0.334	0.214	0.541	0.03	0.176	0.05
3177.375	0.252	0.231	0.385	0.183	0.692	0.337	0.224	0.541	0.03	0.176	0.05
3177.5	0.25	0.229	0.382	0.18	0.692	0.34	0.228	0.513	0.026	0.261	0.035
3177.625	0.248	0.227	0.38	0.177	0.692	0.34	0.234	0.513	0.026	0.261	0.035
3177.75	0.246	0.225	0.38	0.175	0.694	0.341	0.244	0.513	0.026	0.261	0.035
3177.875	0.243	0.222	0.38	0.172	0.697	0.342	0.256	0.513	0.026	0.261	0.035
3178	0.24	0.22	0.38	0.173	0.703	0.344	0.27	0.513	0.026	0.261	0.035
3178.125	0.24	0.219	0.378	0.178	0.708	0.345	0.279	0.513	0.026	0.261	0.035
3178.25	0.242	0.22	0.378	0.193	0.712	0.345	0.286	0.513	0.026	0.261	0.035
3178.375	0.245	0.221	0.381	0.213	0.714	0.343	0.283	0.513	0.026	0.261	0.035
3178.5	0.246	0.222	0.384	0.223	0.712	0.341	0.27	0.513	0.026	0.261	0.035
3178.625	0.245	0.221	0.388	0.22	0.712	0.341	0.248	0.513	0.026	0.261	0.035
3178.75	0.242	0.219	0.395	0.211	0.708	0.344	0.224	0.511	0.022	0.222	0.008
3178.875	0.24	0.217	0.398	0.207	0.706	0.347	0.21	0.511	0.022	0.222	0.008
3179	0.24	0.218	0.398	0.216	0.703	0.349	0.201	0.511	0.022	0.222	0.008
3179.125	0.243	0.221	0.394	0.231	0.697	0.351	0.196	0.511	0.022	0.222	0.008
3179.25	0.248	0.225	0.392	0.239	0.69	0.351	0.205	0.511	0.022	0.222	0.008
3179.375	0.255	0.231	0.39	0.236	0.681	0.348	0.223	0.511	0.022	0.222	0.008
3179.5	0.259	0.235	0.385	0.226	0.676	0.347	0.236	0.511	0.022	0.222	0.008
3179.625	0.262	0.239	0.381	0.219	0.677	0.348	0.237	0.511	0.022	0.222	0.008
3179.75	0.266	0.242	0.379	0.214	0.686	0.348	0.228	0.511	0.022	0.222	0.008
3179.875	0.268	0.243	0.378	0.212	0.694	0.347	0.216	0.511	0.022	0.222	0.008
3180	0.267	0.242	0.378	0.209	0.701	0.345	0.203	0.511	0.022	0.222	0.008
3180.125	0.265	0.239	0.377	0.203	0.706	0.344	0.196	0.511	0.022	0.222	0.008
3180.25	0.262	0.236	0.375	0.199	0.706	0.344	0.202	0.511	0.022	0.222	0.008
3180.375	0.259	0.233	0.373	0.199	0.703	0.345	0.217	0.511	0.022	0.222	0.008
3180.5	0.254	0.23	0.374	0.198	0.699	0.344	0.231	0.511	0.022	0.222	0.008
3180.625	0.252	0.229	0.376	0.196	0.697	0.342	0.232	0.511	0.022	0.222	0.008
3180.75	0.252	0.231	0.377	0.194	0.695	0.339	0.225	0.511	0.022	0.222	0.008
3180.875	0.254	0.233	0.375	0.193	0.695	0.334	0.216	0.511	0.022	0.222	0.008
3181	0.258	0.237	0.366	0.196	0.692	0.332	0.213	0.511	0.022	0.222	0.008
3181.125	0.265	0.244	0.353	0.2	0.69	0.331	0.215	0.511	0.022	0.222	0.008
3181.25	0.27	0.249	0.347	0.2	0.688	0.332	0.219	0.511	0.022	0.222	0.008
3181.375	0.274	0.253	0.347	0.197	0.692	0.334	0.221	0.511	0.022	0.222	0.008
3181.5	0.275	0.254	0.355	0.193	0.701	0.338	0.225	0.511	0.022	0.222	0.008
3181.625	0.272	0.251	0.371	0.192	0.71	0.341	0.233	0.511	0.022	0.222	0.008
3181.75	0.264	0.244	0.386	0.198	0.719	0.343	0.247	0.511	0.022	0.222	0.008
3181.875	0.253	0.233	0.388	0.206	0.726	0.343	0.259	0.511	0.022	0.222	0.008
3182	0.247	0.227	0.385	0.211	0.73	0.341	0.257	0.511	0.022	0.222	0.008
3182.125	0.248	0.229	0.374	0.214	0.732	0.338	0.237	0.511	0.022	0.222	0.008
3182.25	0.255	0.234	0.347	0.216	0.732	0.335	0.218	0.511	0.022	0.222	0.008
3182.375	0.267	0.246	0.314	0.214	0.728	0.334	0.214	0.502	0.024	0.2	0.002
3182.5	0.284	0.261	0.287	0.205	0.724	0.334	0.214	0.502	0.024	0.2	0.002
3182.625	0.294	0.27	0.28	0.196	0.721	0.335	0.211	0.502	0.024	0.2	0.002
3182.75	0.299	0.275	0.282	0.189	0.715	0.336	0.196	0.502	0.024	0.2	0.002
3182.875	0.301	0.276	0.294	0.186	0.705	0.336	0.177	0.502	0.024	0.2	0.002
3183	0.299	0.273	0.323	0.19	0.694	0.335	0.171	0.502	0.024	0.2	0.002
3183.125	0.292	0.267	0.351	0.195	0.681	0.338	0.181	0.502	0.024	0.2	0.002
3183.25	0.28	0.256	0.37	0.195	0.67	0.343	0.2	0.502	0.024	0.2	0.002
3183.375	0.271	0.246	0.376	0.188	0.665	0.347	0.211	0.502	0.024	0.2	0.002
3183.5	0.264	0.239	0.379	0.182	0.665	0.345	0.21	0.502	0.024	0.2	0.002
3183.625	0.262	0.235	0.381	0.187	0.667	0.34	0.204	0.502	0.024	0.2	0.002
3183.75	0.264	0.236	0.38	0.2	0.665	0.336	0.2	0.502	0.024	0.2	0.002
3183.875	0.268	0.239	0.378	0.208	0.658	0.335	0.197	0.502	0.024	0.2	0.002
3184	0.272	0.243	0.377	0.21	0.65	0.334	0.192	0.502	0.024	0.2	0.002
3184.125	0.274	0.245	0.377	0.205	0.643	0.335	0.19	0.502	0.024	0.2	0.002
3184.25	0.273	0.245	0.378	0.2	0.64	0.337	0.197	0.502	0.024	0.2	0.002
3184.375	0.27	0.243	0.381	0.196	0.641	0.34	0.21	0.502	0.024	0.2	0.002
3184.5	0.264	0.237	0.381	0.187	0.643	0.344	0.217	0.502	0.024	0.2	0.002
3184.625	0.256	0.229	0.374	0.175	0.643	0.347	0.207	0.502	0.024	0.2	0.002
3184.75	0.251	0.225	0.368	0.168	0.638	0.348	0.187	0.502	0.024	0.2	0.002
3184.875	0.25	0.224	0.361	0.172	0.632	0.347	0.172	0.502	0.024	0.2	0.002
3185	0.25	0.224	0.35	0.179	0.627	0.345	0.178	0.502	0.024	0.2	0.002
3185.125	0.249	0.224	0.347	0.184	0.629	0.344	0.2	0.502	0.024	0.2	0.002
3185.25	0.245	0.221	0.354	0.183	0.638	0.346	0.224	0.502	0.024	0.2	0.002
3185.375	0.237	0.215	0.366	0.178	0.654	0.349	0.233	0.502	0.024	0.2	0.002
3185.5	0.231	0.211	0.373	0.174	0.663	0.352	0.222	0.502	0.024	0.2	0.002
3185.625	0.231	0.212	0.378	0.177	0.667	0.352	0.201	0.502	0.024	0.2	0.002
3185.75	0.238	0.219	0.381	0.183	0.667	0.352	0.184	0.502	0.024	0.2	0.002
3185.875	0.257	0.237	0.364	0.19	0.663	0.348	0.188	0.499	0.011	0.207	-0.002
3186	0.288	0.266	0.32	0.194	0.659	0.341	0.205	0.499	0.011	0.207	-0.002
3186.125	0.31	0.286	0.292	0.191	0.661	0.336	0.217	0.499	0.011	0.207	-0.002
3186.25	0.322	0.298	0.261	0.181	0.672	0.334	0.215	0.499	0.011	0.207	-0.002
3186.375	0.325	0.302	0.215	0.166	0.694	0.333	0.21	0.499	0.011	0.207	-0.002
3186.5	0.32	0.298	0.207	0.156	0.714	0.333	0.208	0.499	0.011	0.207	-0.002
3186.625	0.309	0.288	0.24	0.149	0.733	0.334	0.21	0.499	0.011	0.207	-0.002
3186.75	0.291	0.272	0.292	0.144	0.757	0.339	0.21	0.499	0.011	0.207	-0.002
3186.875	0.277	0.259	0.319	0.143	0.766	0.343	0.209	0.499	0.011	0.207	-0.002
3187	0.266	0.248	0.336	0.139	0.762	0.345	0.206	0.499	0.011	0.207	-0.002
3187.125	0.256	0.239	0.36	0.133	0.753	0.346	0.203	0.499	0.011	0.207	-0.002
3187.25	0.25	0.233	0.369	0.128	0.739	0.345	0.2	0.499	0.011	0.207	-0.002
3187.375	0.243	0.226	0.372	0.135	0.723	0.343	0.199	0.499	0.011	0.207	-0.002
3187.5	0.237	0.22	0.372	0.15	0.717	0.342	0.204	0.491	0.038	0.222	-0.027
3187.625	0.234	0.216	0.372	0.168	0.717	0.34	0.218	0.491	0.038	0.222	-0.027
3187.75	0.232	0.213	0.37	0.188	0.717	0.335	0.242	0.491	0.038	0.222	-0.027
3187.875	0.233	0.214	0.367	0.198	0.717	0.331	0.256	0.491	0.038	0.222	-0.027
3188	0.235	0.215	0.363	0.204	0.717	0.33	0.251	0.491	0.038	0.222	-0.027
3188.125	0.236	0.216	0.36	0.208	0.719	0.331	0.226	0.491	0.038	0.222	-0.027
3188.25	0.236	0.216	0.36	0.206	0.723	0.332	0.2	0.491	0.038	0.222	-0.027
3188.375	0.236	0.215	0.361	0.199	0.726	0.329	0.184	0.491	0.038	0.222	-0.027
3188.5	0.235	0.214	0.366	0.189	0.728	0.323	0.18	0.51	0.022	0.196	0.006
3188.625	0.235	0.214	0.375	0.182	0.726	0.319	0.188	0.51	0.022	0.196	0.006
3188.75	0.235	0.215	0.385	0.182	0.717	0.323	0.197	0.51	0.022	0.196	0.006
3188.875	0.236	0.215	0.394	0.186	0.706	0.329	0.203	0.51	0.022	0.196	0.006
3189	0.236	0.216	0.398	0.195	0.694	0.333	0.205	0.51	0.022	0.196	0.006
3189.125	0.236	0.216	0.4	0.203	0.679	0.332	0.21	0.51	0.022	0.196	0.006
3189.25	0.235	0.216	0.399	0.205	0.674	0.329	0.214	0.51	0.022	0.196	0.006
3189.375	0.233	0.214	0.394	0.209	0.672	0.327	0.212	0.51	0.022	0.196	0.006
3189.5	0.232	0.213	0.387	0.216	0.67	0.327	0.202	0.51	0.022	0.196	0.006
3189.625	0.232	0.213	0.383	0.221	0.668	0.33	0.19	0.51	0.022	0.196	0.006
3189.75	0.233	0.214	0.382	0.223	0.663	0.338	0.177	0.51	0.022	0.196	0.006
3189.875	0.234	0.214	0.382	0.218	0.654	0.346	0.164	0.51	0.022	0.196	0.006
3190	0.235	0.214	0.388	0.207	0.647	0.347	0.158	0.51	0.022	0.196	0.006
3190.125	0.235	0.214	0.397	0.185	0.641	0.342	0.159	0.51	0.022	0.196	0.006
3190.25	0.235	0.214	0.405	0.168	0.638	0.335	0.164	0.51	0.022	0.196	0.006
3190.375	0.234	0.213	0.408	0.169	0.638	0.333	0.178	0.51	0.022	0.196	0.006
3190.5	0.231	0.211	0.405	0.173	0.641	0.336	0.196	0.51	0.022	0.196	0.006
3190.625	0.229	0.209	0.395	0.174	0.643	0.341	0.203	0.51	0.022	0.196	0.006
3190.75	0.228	0.209	0.377	0.17	0.645	0.352	0.2	0.51	0.022	0.196	0.006
3190.875	0.227	0.208	0.361	0.164	0.645	0.369	0.193	0.51	0.022	0.196	0.006
3191	0.227	0.208	0.354	0.162	0.641	0.382	0.191	0.51	0.022	0.196	0.006
3191.125	0.227	0.207	0.353	0.168	0.634	0.393	0.196	0.51	0.022	0.196	0.006
3191.25	0.225	0.205	0.358	0.183	0.62	0.404	0.198	0.51	0.022	0.196	0.006
3191.375	0.224	0.203	0.373	0.197	0.607	0.408	0.193	0.51	0.022	0.196	0.006
3191.5	0.221	0.2	0.393	0.208	0.593	0.406	0.185	0.51	0.022	0.196	0.006
3191.625	0.216	0.195	0.413	0.213	0.575	0.402	0.182	0.51	0.022	0.196	0.006
3191.75	0.209	0.19	0.422	0.21	0.564	0.404	0.184	0.51	0.022	0.196	0.006
3191.875	0.203	0.184	0.426	0.201	0.555	0.42	0.192	0.51	0.022	0.196	0.006
3192	0.198	0.179	0.429	0.194	0.548	0.439	0.199	0.51	0.022	0.196	0.006
3192.125	0.197	0.177	0.421	0.192	0.535	0.442	0.206	0.51	0.022	0.196	0.006
3192.25	0.201	0.179	0.404	0.19	0.515	0.428	0.215	0.51	0.022	0.196	0.006
3192.375	0.207	0.183	0.384	0.189	0.505	0.408	0.224	0.51	0.022	0.196	0.006
3192.5	0.213	0.188	0.373	0.191	0.508	0.395	0.233	0.51	0.022	0.196	0.006
3192.625	0.217	0.192	0.365	0.197	0.535	0.385	0.234	0.51	0.022	0.196	0.006
3192.75	0.216	0.192	0.355	0.201	0.562	0.379	0.224	0.51	0.022	0.196	0.006
3192.875	0.214	0.191	0.358	0.203	0.58	0.375	0.204	0.494	0.017	0.168	-0.007
3193	0.211	0.189	0.368	0.201	0.596	0.371	0.178	0.494	0.017	0.168	-0.007
3193.125	0.211	0.187	0.373	0.195	0.602	0.368	0.166	0.494	0.017	0.168	-0.007
3193.25	0.212	0.187	0.374	0.184	0.605	0.364	0.167	0.494	0.017	0.168	-0.007
3193.375	0.214	0.188	0.37	0.173	0.611	0.36	0.17	0.494	0.017	0.168	-0.007
3193.5	0.217	0.19	0.363	0.167	0.623	0.357	0.166	0.494	0.017	0.168	-0.007
3193.625	0.219	0.191	0.36	0.164	0.64	0.355	0.161	0.494	0.017	0.168	-0.007
3193.75	0.22	0.191	0.365	0.163	0.65	0.355	0.161	0.494	0.017	0.168	-0.007
3193.875	0.219	0.19	0.37	0.156	0.656	0.355	0.162	0.494	0.017	0.168	-0.007
3194	0.216	0.185	0.376	0.144	0.656	0.355	0.159	0.494	0.017	0.168	-0.007
3194.125	0.213	0.181	0.389	0.138	0.65	0.354	0.155	0.494	0.017	0.168	-0.007
3194.25	0.211	0.177	0.4	0.146	0.647	0.352	0.16	0.494	0.017	0.168	-0.007
3194.375	0.21	0.174	0.403	0.168	0.643	0.349	0.173	0.494	0.017	0.168	-0.007
3194.5	0.21	0.173	0.401	0.19	0.641	0.347	0.181	0.494	0.017	0.168	-0.007
3194.625	0.214	0.175	0.392	0.196	0.636	0.345	0.173	0.494	0.017	0.168	-0.007
3194.75	0.221	0.181	0.372	0.184	0.627	0.34	0.151	0.522	0.031	0.132	0.023
3194.875	0.229	0.188	0.349	0.17	0.62	0.336	0.132	0.522	0.031	0.132	0.023
3195	0.239	0.198	0.328	0.161	0.618	0.334	0.118	0.522	0.031	0.132	0.023
3195.125	0.251	0.209	0.31	0.154	0.618	0.332	0.108	0.522	0.031	0.132	0.023
3195.25	0.269	0.226	0.301	0.149	0.632	0.33	0.109	0.522	0.031	0.132	0.023
3195.375	0.296	0.251	0.295	0.141	0.658	0.328	0.121	0.522	0.031	0.132	0.023
3195.5	0.318	0.271	0.283	0.135	0.681	0.327	0.131	0.522	0.031	0.132	0.023
3195.625	0.342	0.292	0.268	0.131	0.705	0.329	0.13	0.522	0.031	0.132	0.023
3195.75	0.38	0.327	0.243	0.13	0.733	0.331	0.123	0.522	0.031	0.132	0.023
3195.875	0.412	0.356	0.226	0.132	0.753	0.332	0.12	0.522	0.031	0.132	0.023
3196	0.441	0.381	0.211	0.125	0.773	0.327	0.133	0.522	0.031	0.132	0.023
3196.125	0.456	0.392	0.197	0.1	0.796	0.316	0.161	0.522	0.031	0.132	0.023
3196.25	0.448	0.383	0.231	0.074	0.814	0.307	0.193	0.522	0.031	0.132	0.023
