孔隙度	_GR	_RT	_AC	_CAL	_DEN	_CNL	_RXO
9.121	93.499	36.045	64.727	9.684	2.499	11.976	33.483
8.27	94.34	38.671	63.223	9.651	2.489	11.664	35.661
6.53	96.132	42.064	63.656	9.625	2.478	11.286	38.316
8.43	95.715	44.991	64.259	9.613	2.475	10.969	40.492
8.11	92.477	46.84	65.171	9.603	2.478	10.746	41.717
8.2	87.856	48.307	64.963	9.592	2.488	10.623	42.416
8.9	90.11	47.337	63.905	9.594	2.497	10.048	41.284
8.62	93.995	44.45	63.551	9.606	2.504	9.606	38.733
7.92	94.12	47.433	61.935	9.606	2.51	9.777	39.736
6.37	91.584	54.47	60.949	9.583	2.514	10.08	45.066
2.67	86.224	58.346	59.488	9.542	2.526	10.256	53.327
1.7	81.247	68.773	57.331	9.511	2.539	10.288	65.965
1.53	74.719	98.769	55.018	9.469	2.568	10.272	97.041
1.53	75.027	100.85	53.808	9.448	2.596	8.497	98.938
2.19	75.683	60.206	53.925	9.476	2.616	5.113	55.928
6.87	75.276	53.614	56.606	9.506	2.615	4.597	48.877
8.9	76.933	45.784	60.386	9.54	2.6	4.563	38.277
8.64	81.159	36.265	62.471	9.546	2.581	5.506	31.49
9.35	92.203	28.277	66.289	9.554	2.555	8.069	26.668
8.34	96.306	31.071	65.857	9.565	2.54	11.29	30.254
8.17	95.364	32.067	65.334	9.565	2.537	11.42	31.172
8.24	92.235	33.03	65.124	9.562	2.536	11.135	31.911
9.19	88.603	33.365	65.262	9.559	2.533	11.105	32.033
9.19	85.584	34.485	66.564	9.532	2.518	10.796	32.466
8.302	86.63	35.928	66.67	9.526	2.51	9.391	33.344
8.343	88.159	36.716	66.441	9.54	2.51	9.069	33.844
7.551	89.582	37.393	65.703	9.56	2.514	9.122	34.189
7.644	89.575	35.95	65.45	9.568	2.517	9.471	32.591
8.713	89.962	34.055	65.689	9.562	2.518	9.439	30.85
8.828	90.581	32.249	66.35	9.557	2.517	9.167	29.244
8.739	89.376	31.388	66.951	9.544	2.52	8.851	28.455
9.058	88.104	31.18	66.963	9.539	2.522	8.902	28.216
9.5	88.882	31.02	66.828	9.559	2.525	9.243	28.017
9.448	91.646	31.26	66.248	9.588	2.53	9.482	28.18
7.898	92.486	32.501	65.587	9.58	2.535	9.905	29.166
7.825	92.768	33.701	65.33	9.568	2.542	10.604	30.071
8.136	94.719	33.862	65.356	9.552	2.548	11.06	29.993
8.423	96.503	32.419	65.819	9.542	2.545	11.099	28.578
9.782	99.029	31.405	65.98	9.548	2.543	11.056	27.606
8.99	100.717	30.842	65.918	9.559	2.542	10.852	27.109
8.953	103.559	30.103	65.786	9.568	2.543	10.587	26.463
8.591	106.802	29.483	65.788	9.575	2.547	10.499	25.954
9.161	108.889	29.425	65.734	9.577	2.552	10.961	26.018
9.205	108.322	29.82	65.855	9.568	2.553	12.32	26.575
7.664	101.28	29.454	66.207	9.573	2.551	11.899	26.199
8.421	98.049	29.208	66.362	9.586	2.549	11.809	25.9
8.014	96.355	29.534	66.251	9.595	2.546	12.484	26.164
8.259	100.251	31.003	66.111	9.588	2.536	12.734	27.454
8.639	102.205	31.761	65.908	9.585	2.533	12.27	28.098
8.593	100.621	32.607	65.754	9.586	2.54	11.95	28.854
8.673	97.501	32.616	65.738	9.579	2.547	11.781	28.954
4.57	96.757	31.853	65.649	9.576	2.551	11.463	28.477
7.942	101.322	30.91	65.592	9.578	2.546	11.425	27.557
7.491	101.157	30.822	65.671	9.566	2.545	11.292	27.207
7.966	99.447	31.225	65.684	9.549	2.544	11.209	27.4
8.608	99.742	33.593	64.761	9.541	2.54	11.48	29.297
8.499	100.676	34.352	65.02	9.559	2.547	11.219	29.887
8.397	104.272	32.395	66.001	9.574	2.558	11.472	28.193
7.743	105.474	30.459	65.989	9.569	2.563	11.827	26.589
7.336	99.694	31.26	64.861	9.55	2.564	12.033	27.324
8.308	99.143	35.267	62.906	9.547	2.56	11.696	30.76
8.135	95.718	37.689	62.829	9.552	2.553	11.06	32.927
8.461	93.394	37.148	64.255	9.553	2.541	11.171	32.577
7.925	97.304	34.45	65.501	9.575	2.53	11.273	30.342
7.631	98.425	32.083	65.756	9.576	2.527	10.878	28.567
8.436	96.866	31.918	65.768	9.551	2.525	11.584	28.75
7.732	95.955	32.684	65.707	9.547	2.519	11.797	29.445
7.883	96.435	33.035	65.736	9.556	2.513	11.487	29.666
8.997	98.988	30.976	65.657	9.584	2.516	10.665	27.845
8.819	94.21	30.091	65.322	9.586	2.511	10.43	27.066
8.77	94.561	30.05	64.833	9.577	2.506	10.799	26.935
8.155	100.516	29.612	64.992	9.581	2.512	10.873	26.368
4.161	98.805	28.367	65.654	9.598	2.527	10.624	24.965
8.139	94.858	29.435	65.794	9.597	2.528	10.895	25.775
8.575	97.071	34.775	64.298	9.572	2.524	11.329	30.252
8.775	99.459	39.549	63.084	9.552	2.525	11.185	34.221
8.602	99.168	41.913	61.88	9.546	2.533	10.745	36.095
8.165	98.164	42.362	60.078	9.542	2.551	10.003	36.274
5.478	98.245	34.75	64.002	9.574	2.583	9.469	29.774
9.137	97.43	32.149	65.18	9.582	2.576	9.136	27.626
8.353	96.991	30.246	65.536	9.572	2.559	9.229	26.211
8.49	98.411	29.044	65.551	9.568	2.556	10.115	25.338
8.48	103.596	28.884	65.229	9.537	2.556	11.644	25.419
8.856	99.316	28.955	65.165	9.54	2.558	11.711	25.528
8.636	94.741	28.867	65.218	9.531	2.561	11.408	25.479
7.875	95.102	28.738	65.58	9.504	2.562	10.849	25.362
8.247	97.494	28.889	66.242	9.533	2.55	10.997	25.486
8.601	98.251	29.043	66.415	9.546	2.536	11.531	25.575
9.16	98.952	28.876	66.345	9.532	2.532	11.692	25.331
8.641	97.33	28.636	66	9.527	2.53	12.025	25.071
8.723	92.13	28.736	65.828	9.579	2.522	12.194	25.291
8.835	91.077	28.766	66.066	9.583	2.517	11.676	25.386
9.055	91.51	28.723	66.435	9.562	2.513	10.714	25.404
8.702	95.224	28.438	66.624	9.548	2.513	10.462	25.15
7.891	96.119	28.005	65.237	9.638	2.516	10.254	24.596
7.425	96.081	27.921	64.962	9.696	2.512	10.263	24.567
5.883	96.555	27.529	65.262	9.761	2.499	11.21	24.413
7.919	94.955	27.013	66.221	9.751	2.487	11.76	24.008
9.083	94.896	25.751	67.12	9.747	2.471	11.797	22.881
8.72	96.676	24.593	67.434	9.839	2.464	11.296	21.909
8.677	98.343	24.39	66.9	9.84	2.451	11.16	21.916
6.254	100.76	25.076	65.857	9.752	2.438	11.093	22.771
8.735	101.786	26.151	64.985	9.68	2.466	11.487	23.656
8.504	97.266	25.887	65.138	9.662	2.481	11.573	23.3
8.192	92.104	25.49	65.572	9.647	2.491	11.43	22.98
5.438	93.036	25.521	65.589	9.626	2.494	10.661	23.239
8.284	92.12	25.806	65.249	9.612	2.505	10.306	23.616
8.524	91.478	25.95	65.352	9.606	2.519	10.177	23.903
7.33	91.394	25.422	65.523	9.608	2.523	9.602	23.654
9.637	93.591	23.971	66.481	9.588	2.515	10.616	22.953
8.879	93.415	24.111	66.216	9.578	2.511	11.373	23.249
4.755	89.344	25.041	65.332	9.562	2.505	10.779	24.21
7.611	85.437	26.7	64.175	9.547	2.501	10.136	25.783
7.654	83.461	28.719	63.404	9.539	2.503	9.816	27.657
7.201	87.226	36.305	62.848	9.527	2.534	9.262	34.888
5.62	86.194	44.639	61.697	9.539	2.56	9.022	42.87
3.85	86.554	57.196	60.723	9.535	2.581	9.007	55.043
