LOG(FZI)
0.78228044
0.782864697
0.783485905
0.787442083
0.793948812
0.796150278
0.797055608
0.798212966
0.798429953
0.802145426
0.810510971
0.815765792
0.8185239
0.820586732
0.820810213
0.830709553
0.830838991
0.83300771
0.83482843
0.838018446
0.840458396
0.840516699
0.843118831
0.843417707
0.843733491
0.843885646
0.844406828
0.844808445
0.845151853
0.845484152
0.845560055
0.84811724
0.851683656
0.852333703
0.852928404
0.854959736
0.855891175
0.858711999
0.860215947
0.875309589
0.8773363
0.878284566
0.879903772
0.879972257
0.886048279
0.892612739
0.895846057
0.89764251
0.897900011
0.900259974
0.901431308
0.905630623
0.907112095
0.910822965
0.911673359
0.91255731
0.913084972
0.914370231
0.915140843
0.917660806
0.917669907
0.918883249
0.918992856
0.919396283
0.923801378
0.926491002
0.927896491
0.928472765
0.932103617
0.937509582
0.941185777
0.941810649
0.941892754
0.943490735
0.944897626
0.945168738
0.946386302
0.947556093
0.955519347
0.956921543
0.957639676
0.959875149
0.960799262
0.963595849
0.963809748
0.965547886
0.967179524
0.967690433
0.969232626
0.969572776
0.969692712
0.973287432
0.973935936
0.97425384
0.974310513
0.974571234
0.974935838
0.975379846
0.976190785
0.97727293
0.97923868
0.979920229
0.980780297
0.982963897
0.983238233
0.983295896
0.983805652
0.984021956
0.986486059
0.987904554
0.988552201
0.991999282
0.992889085
0.99668246
0.996868174
0.998042989
0.999208142
0.999431128
1.001345444
1.00175326
1.003678989
1.003969665
1.006467102
1.009927781
1.011418669
1.011946246
1.01417679
1.015502574
1.016478375
1.016757092
1.01721076
1.020046426
1.021550265
1.023378102
1.023971912
1.024054637
1.024390759
1.025888134
1.028296411
1.029876097
1.032856506
1.032890973
1.036341304
1.036445536
1.040176719
1.051472927
1.05304974
1.053694562
1.053915525
1.056039247
1.056778631
1.058120739
1.058547411
1.068210927
1.070045947
1.072907233
1.078197037
1.080691034
1.081210923
1.082122148
1.082838037
1.087577658
1.08845341
1.090793505
1.091048126
1.095978601
1.098051917
1.09845467
1.105606287
1.105954928
1.109474272
1.116053614
1.121956962
1.12266065
1.123715498
1.125031789
1.127042171
1.130197349
1.131372966
1.135676216
1.135885699
1.13716945
1.13917373
1.142874116
1.144496834
1.144515632
1.146327328
1.148469759
1.150313041
1.150909498
1.151081359
1.154524917
1.157479643
1.160784443
1.160863698
1.16110813
1.162191751
1.163710161
1.163917506
1.164829817
1.165627361
1.167282196
1.167911753
1.172115299
1.172498146
1.175712778
1.178448541
1.178963149
1.180168792
1.181428064
1.182497694
1.1827005
1.183193804
1.187145631
1.187254082
1.187423832
1.187895408
1.192609263
1.193731631
1.193866356
1.195066301
1.195466082
1.196350342
1.196580759
1.196849229
1.19826022
1.19930018
1.200186504
1.201032017
1.201997365
1.20217381
1.202829297
1.20357903
1.203653264
1.204339637
1.204888745
1.205934541
1.209430501
1.210698133
1.210795922
1.213201002
1.214094625
1.217642903
1.218807231
1.220226433
1.22365709
1.223864453
1.224620119
1.226847493
1.227873037
1.228469181
1.229211938
1.229865909
1.230174516
1.230374501
1.230623677
1.233858368
1.236276505
1.237751826
1.242894794
1.246187643
1.246463209
1.247009074
1.247136411
1.247245414
1.248263732
1.249538633
1.249595501
1.251212042
1.251277359
1.252176633
1.252581555
1.252780823
1.25507364
1.255135392
1.255888642
1.256765904
1.260466478
1.261071485
1.261115316
1.261695746
1.262184997
1.264410133
1.265231666
1.268170652
1.269154651
1.270294481
1.270786576
1.27569435
1.275711992
1.277583287
1.278541536
1.279125946
1.280935791
1.281161297
1.281362651
1.285715016
1.287020408
1.290337898
1.29049695
1.292178546
1.29365995
1.294232116
1.294597368
1.294971382
1.295090612
1.295820961
1.29639352
1.298314014
1.298824965
1.300743331
1.30081274
1.302046784
1.302829984
1.305820508
1.306055079
1.306600827
1.307783884
1.310842628
1.31103229
1.31190934
1.314081735
1.314097179
1.314322891
1.314659337
1.315204009
1.315999718
1.317742604
1.31894655
1.323405674
1.323414152
1.324360286
1.324904836
1.324907194
1.324924259
1.325848464
1.326393284
1.326937027
1.327356945
1.327911108
1.328123218
1.328593412
1.328857648
1.329326809
1.332532429
1.332903519
1.335446738
1.335551959
1.336204154
1.336737439
1.336851894
1.336887177
1.337131909
1.338119195
1.33997962
1.34057388
1.34075127
1.341028793
1.343570028
1.343766208
1.345609117
1.34723184
1.347904016
1.348024033
1.348514544
1.349107654
1.35071406
1.350767245
1.352760807
1.352819002
1.353781027
1.353900189
1.354566947
1.3546925
1.355178061
1.355654587
1.356126891
1.357502299
1.358814031
1.359505963
1.359985644
1.360340805
1.360598011
1.360745505
1.361289182
1.361540192
1.361975052
1.362073207
1.362405371
1.362776273
1.363353168
1.363485212
1.363542858
1.364189365
1.364372124
1.364612246
1.365648529
1.366084308
1.369731303
1.37084674
1.371187221
1.37158643
1.372301221
1.372800951
1.373148836
1.373509958
1.375244004
1.377844299
1.378892896
1.379205907
1.379645564
1.380008483
1.380654819
1.381511054
1.382296841
1.382835946
1.384347513
1.385387751
1.385760858
1.386729404
1.387207849
1.387381864
1.387996213
1.388731096
1.388860094
1.388873983
1.38894308
1.390169094
1.390655064
1.390738322
1.391517156
1.392120119
1.392140769
1.393030623
1.393106026
1.393466363
1.394162967
1.394307556
1.394527842
1.394665675
1.395564914
1.398121759
1.398201545
1.398739054
1.398904299
1.401001107
1.403141006
1.404021377
1.40590101
1.406064954
1.406413491
1.406604293
1.40708
1.407225547
1.4079076
1.408216967
1.409665046
1.409908585
1.411208083
1.412301759
1.414556542
1.414785298
1.415174257
1.41520698
1.416376265
1.417726499
1.420439357
1.42121399
1.421415522
1.422812453
1.422890203
1.422949467
1.423470997
1.425472993
1.426431968
1.426509629
1.426977567
1.427221757
1.428146974
1.428219953
1.428378546
1.428532563
1.428736676
1.429109258
1.429697696
1.430329147
1.43208209
1.432505361
1.433415882
1.434049926
1.435987546
1.437022076
1.437402012
1.43881088
1.439680742
1.440011496
1.440284257
1.441113509
1.442027466
1.44643697
1.44665711
1.446730519
1.447443693
1.447632231
1.447923201
1.448883835
1.448928116
1.450635616
1.45094928
1.451308586
1.452276576
1.454694404
1.455077719
1.456017625
1.456189337
1.458586301
1.459077542
1.461098517
1.462587672
1.465421212
1.465676756
1.469378202
1.469809585
1.469890699
1.470880514
1.472675207
1.47485608
1.474921149
1.475203688
1.475363514
1.476187681
1.476230174
1.476698385
1.479688834
1.480242826
1.481352776
1.481501076
1.483470416
1.483768646
1.484223698
1.485189003
1.485556221
1.485567953
1.485824166
1.486675136
1.488485902
1.489259371
1.489495797
1.491385285
1.492534681
1.493140614
1.494366306
1.494792743
1.499953214
1.502494703
1.502658909
1.506146819
1.509323298
1.509852313
1.510382592
1.511416818
1.511583463
1.511586069
1.51239725
1.512842499
1.51478195
1.515460499
1.51691573
1.517418119
1.517993072
1.519872135
1.521646608
1.521747421
1.525378181
1.525436177
1.5254881
1.526092274
1.526869403
1.526936743
1.530142711
1.531090163
1.532232195
1.53305383
1.534335371
1.536026068
1.537551651
1.537739079
1.538158157
1.538812235
1.540084934
1.540841318
1.543427322
1.543688927
1.54490479
1.545633893
1.545864958
1.550451055
1.551737659
1.55306419
1.557944467
1.558103653
1.564421699
1.564929723
1.56500671
1.566212012
1.567816367
1.567896491
1.568036842
1.568621474
1.569088017
1.571103654
1.571150874
1.571209029
1.574789008
1.574839965
1.576077069
1.576149429
1.577308169
1.579262663
1.58336468
1.583647926
1.586697857
1.587772008
1.59153151
1.595391882
1.595570897
1.595727536
1.600562578
1.606122718
1.607546634
1.609043763
1.61090839
1.611023229
1.613284019
1.61462616
1.614677157
1.61736404
1.620582681
1.620888174
1.622343093
1.623306304
1.624595172
1.6301636
1.633711489
1.636688218
1.637411202
1.637599261
1.638861776
1.64904299
1.65337022
1.65746796
1.668916037
1.671280625
1.672449394
1.679276994
1.682781394
1.683040431
1.684698892
1.685568846
1.687124752
1.693371183
1.694533535
1.695044528
1.706320469
1.706745653
1.711592461
1.719271627
1.721780033
1.74173399
1.754809089
1.758288478
1.763562216
1.76839916
1.771028851
1.779101698
1.781360352
1.782454274
1.822839518
1.829854202
1.839031017
1.841647656
1.874849068
1.879720775
1.881473678
1.885767298
1.886488849
1.890884185