Depth	GR2
2976	0.535
2976.125	0.547
2976.25	0.557
2976.375	0.566
2976.5	0.565
2976.625	0.541
2976.75	0.496
2976.875	0.465
2977	0.45
2977.125	0.427
2977.25	0.402
2977.375	0.373
2977.5	0.348
2977.625	0.341
2977.75	0.345
2977.875	0.357
2978	0.369
2978.125	0.372
2978.25	0.361
2978.375	0.342
2978.5	0.315
2978.625	0.293
2978.75	0.269
2978.875	0.242
2979	0.23
2979.125	0.236
2979.25	0.25
2979.375	0.273
2979.5	0.302
2979.625	0.323
2979.75	0.336
2979.875	0.336
2980	0.32
2980.125	0.293
2980.25	0.263
2980.375	0.248
2980.5	0.24
2980.625	0.232
2980.75	0.22
2980.875	0.208
2981	0.209
2981.125	0.23
2981.25	0.266
2981.375	0.288
2981.5	0.283
2981.625	0.255
2981.75	0.226
2981.875	0.218
2982	0.229
2982.125	0.243
2982.25	0.239
2982.375	0.226
2982.5	0.209
2982.625	0.192
2982.75	0.186
2982.875	0.187
2983	0.188
2983.125	0.181
2983.25	0.164
2983.375	0.152
2983.5	0.155
2983.625	0.167
2983.75	0.181
2983.875	0.186
2984	0.184
2984.125	0.18
2984.25	0.18
2984.375	0.187
2984.5	0.193
2984.625	0.19
2984.75	0.174
2984.875	0.158
2985	0.146
2985.125	0.14
2985.25	0.143
2985.375	0.148
2985.5	0.152
2985.625	0.156
2985.75	0.165
2985.875	0.175
2986	0.181
2986.125	0.176
2986.25	0.164
2986.375	0.148
2986.5	0.135
2986.625	0.134
2986.75	0.14
2986.875	0.147
2987	0.15
2987.125	0.151
2987.25	0.153
2987.375	0.152
2987.5	0.143
2987.625	0.131
2987.75	0.118
2987.875	0.112
2988	0.117
2988.125	0.127
2988.25	0.141
2988.375	0.15
2988.5	0.154
2988.625	0.154
2988.75	0.149
2988.875	0.147
2989	0.15
2989.125	0.157
2989.25	0.164
2989.375	0.166
2989.5	0.165
2989.625	0.16
2989.75	0.154
2989.875	0.153
2990	0.158
2990.125	0.165
2990.25	0.164
2990.375	0.162
2990.5	0.17
2990.625	0.187
2990.75	0.198
2990.875	0.196
2991	0.19
2991.125	0.185
2991.25	0.183
2991.375	0.184
2991.5	0.188
2991.625	0.193
2991.75	0.196
2991.875	0.192
2992	0.185
2992.125	0.18
2992.25	0.177
2992.375	0.173
2992.5	0.171
2992.625	0.172
2992.75	0.18
2992.875	0.187
2993	0.189
2993.125	0.187
2993.25	0.187
2993.375	0.198
2993.5	0.215
2993.625	0.233
2993.75	0.248
2993.875	0.253
2994	0.253
2994.125	0.245
2994.25	0.233
2994.375	0.226
2994.5	0.223
2994.625	0.22
2994.75	0.206
2994.875	0.187
2995	0.18
2995.125	0.184
2995.25	0.19
2995.375	0.192
2995.5	0.187
2995.625	0.178
2995.75	0.172
2995.875	0.181
2996	0.195
2996.125	0.198
2996.25	0.189
2996.375	0.181
2996.5	0.185
2996.625	0.191
2996.75	0.192
2996.875	0.194
2997	0.197
2997.125	0.196
2997.25	0.184
2997.375	0.171
2997.5	0.163
2997.625	0.163
2997.75	0.169
2997.875	0.17
2998	0.169
2998.125	0.169
2998.25	0.179
2998.375	0.191
2998.5	0.196
2998.625	0.19
2998.75	0.177
2998.875	0.163
2999	0.15
2999.125	0.143
2999.25	0.142
2999.375	0.146
2999.5	0.15
2999.625	0.151
2999.75	0.151
2999.875	0.156
3000	0.168
3000.125	0.177
3000.25	0.176
3000.375	0.173
3000.5	0.174
3000.625	0.177
3000.75	0.172
3000.875	0.16
3001	0.152
3001.125	0.15
3001.25	0.155
3001.375	0.16
3001.5	0.161
3001.625	0.154
3001.75	0.147
3001.875	0.149
3002	0.159
3002.125	0.176
3002.25	0.192
3002.375	0.213
3002.5	0.246
3002.625	0.273
3002.75	0.292
3002.875	0.301
3003	0.285
3003.125	0.254
3003.25	0.232
3003.375	0.222
3003.5	0.22
3003.625	0.227
3003.75	0.243
3003.875	0.268
3004	0.286
3004.125	0.291
3004.25	0.283
3004.375	0.268
3004.5	0.25
3004.625	0.232
3004.75	0.22
3004.875	0.211
3005	0.212
3005.125	0.219
3005.25	0.23
3005.375	0.238
3005.5	0.243
3005.625	0.249
3005.75	0.254
3005.875	0.253
3006	0.248
3006.125	0.237
3006.25	0.227
3006.375	0.229
3006.5	0.257
3006.625	0.314
3006.75	0.357
3006.875	0.36
3007	0.323
3007.125	0.281
3007.25	0.26
3007.375	0.262
3007.5	0.278
3007.625	0.287
3007.75	0.284
3007.875	0.259
3008	0.225
3008.125	0.205
3008.25	0.197
3008.375	0.189
3008.5	0.183
3008.625	0.185
3008.75	0.207
3008.875	0.243
3009	0.292
3009.125	0.343
3009.25	0.359
3009.375	0.345
3009.5	0.325
3009.625	0.311
3009.75	0.304
3009.875	0.302
3010	0.296
3010.125	0.296
3010.25	0.311
3010.375	0.368
3010.5	0.488
3010.625	0.611
3010.75	0.761
3010.875	0.907
3011	0.987
3011.125	0.999
3011.25	0.95
3011.375	0.886
3011.5	0.813
3011.625	0.774
3011.75	0.761
3011.875	0.754
3012	0.742
3012.125	0.714
3012.25	0.668
3012.375	0.624
3012.5	0.553
3012.625	0.473
3012.75	0.404
3012.875	0.33
3013	0.287
3013.125	0.26
3013.25	0.251
3013.375	0.265
3013.5	0.288
3013.625	0.302
3013.75	0.296
3013.875	0.274
3014	0.253
3014.125	0.248
3014.25	0.261
3014.375	0.28
3014.5	0.296
3014.625	0.303
3014.75	0.297
3014.875	0.285
3015	0.26
3015.125	0.23
3015.25	0.188
3015.375	0.143
3015.5	0.122
3015.625	0.116
3015.75	0.113
3015.875	0.113
3016	0.12
3016.125	0.132
3016.25	0.146
3016.375	0.159
3016.5	0.162
3016.625	0.157
3016.75	0.142
3016.875	0.127
3017	0.124
3017.125	0.133
3017.25	0.168
3017.375	0.225
3017.5	0.266
3017.625	0.285
3017.75	0.294
3017.875	0.296
3018	0.312
3018.125	0.349
3018.25	0.383
3018.375	0.406
3018.5	0.416
3018.625	0.412
3018.75	0.416
3018.875	0.427
3019	0.442
3019.125	0.451
3019.25	0.447
3019.375	0.431
3019.5	0.406
3019.625	0.389
3019.75	0.381
3019.875	0.377
3020	0.376
3020.125	0.374
3020.25	0.372
3020.375	0.374
3020.5	0.38
3020.625	0.384
3020.75	0.372
3020.875	0.34
3021	0.314
3021.125	0.309
3021.25	0.327
3021.375	0.354
3021.5	0.382
3021.625	0.402
3021.75	0.393
3021.875	0.352
3022	0.303
3022.125	0.257
3022.25	0.206
3022.375	0.173
3022.5	0.139
3022.625	0.099
3022.75	0.077
3022.875	0.072
3023	0.082
3023.125	0.098
3023.25	0.121
3023.375	0.165
3023.5	0.208
3023.625	0.24
3023.75	0.255
3023.875	0.226
3024	0.167
3024.125	0.124
3024.25	0.102
3024.375	0.089
3024.5	0.086
3024.625	0.083
3024.75	0.086
3024.875	0.097
3025	0.116
3025.125	0.135
3025.25	0.15
3025.375	0.176
3025.5	0.205
3025.625	0.241
3025.75	0.274
3025.875	0.28
3026	0.254
3026.125	0.188
3026.25	0.124
3026.375	0.077
3026.5	0.054
3026.625	0.067
3026.75	0.107
3026.875	0.161
3027	0.233
3027.125	0.32
3027.25	0.367
3027.375	0.383
3027.5	0.387
3027.625	0.389
3027.75	0.407
3027.875	0.432
3028	0.441
3028.125	0.43
3028.25	0.416
3028.375	0.41
3028.5	0.417
3028.625	0.43
3028.75	0.452
3028.875	0.477
3029	0.49
3029.125	0.497
3029.25	0.503
3029.375	0.504
3029.5	0.503
3029.625	0.498
3029.75	0.49
3029.875	0.469
3030	0.445
3030.125	0.43
3030.25	0.424
3030.375	0.426
3030.5	0.424
3030.625	0.423
3030.75	0.429
3030.875	0.441
3031	0.442
3031.125	0.425
3031.25	0.397
3031.375	0.37
3031.5	0.362
3031.625	0.358
3031.75	0.35
3031.875	0.332
3032	0.311
3032.125	0.299
3032.25	0.287
3032.375	0.272
3032.5	0.266
3032.625	0.291
3032.75	0.355
3032.875	0.415
3033	0.451
3033.125	0.469
3033.25	0.471
3033.375	0.493
3033.5	0.528
3033.625	0.568
3033.75	0.598
3033.875	0.604
3034	0.605
3034.125	0.605
3034.25	0.602
3034.375	0.591
3034.5	0.572
3034.625	0.559
3034.75	0.549
3034.875	0.54
3035	0.538
3035.125	0.544
3035.25	0.553
3035.375	0.565
3035.5	0.581
3035.625	0.592
3035.75	0.595
3035.875	0.588
3036	0.579
3036.125	0.573
3036.25	0.569
3036.375	0.56
3036.5	0.541
3036.625	0.526
3036.75	0.521
3036.875	0.52
3037	0.516
3037.125	0.497
3037.25	0.459
3037.375	0.421
3037.5	0.382
3037.625	0.339
3037.75	0.319
3037.875	0.31
3038	0.303
3038.125	0.288
3038.25	0.258
3038.375	0.232
3038.5	0.222
3038.625	0.228
3038.75	0.238
3038.875	0.24
3039	0.246
3039.125	0.263
3039.25	0.326
3039.375	0.411
3039.5	0.514
3039.625	0.623
3039.75	0.671
3039.875	0.668
3040	0.638
3040.125	0.606
3040.25	0.585
3040.375	0.567
3040.5	0.56
3040.625	0.558
3040.75	0.551
3040.875	0.54
3041	0.519
3041.125	0.498
3041.25	0.488
3041.375	0.494
3041.5	0.51
3041.625	0.533
3041.75	0.558
3041.875	0.57
3042	0.569
3042.125	0.557
3042.25	0.545
3042.375	0.533
3042.5	0.521
3042.625	0.517
3042.75	0.527
3042.875	0.542
3043	0.554
3043.125	0.559
3043.25	0.557
3043.375	0.563
3043.5	0.577
3043.625	0.587
3043.75	0.591
3043.875	0.597
3044	0.604
3044.125	0.614
3044.25	0.621
3044.375	0.613
3044.5	0.579
3044.625	0.534
3044.75	0.469
3044.875	0.379
3045	0.317
3045.125	0.278
3045.25	0.251
3045.375	0.247
3045.5	0.27
3045.625	0.336
3045.75	0.407
3045.875	0.475
3046	0.529
3046.125	0.547
3046.25	0.551
3046.375	0.545
3046.5	0.547
3046.625	0.561
3046.75	0.574
3046.875	0.575
3047	0.575
3047.125	0.584
3047.25	0.612
3047.375	0.639
3047.5	0.646
3047.625	0.637
3047.75	0.622
3047.875	0.609
3048	0.596
3048.125	0.586
3048.25	0.566
3048.375	0.542
3048.5	0.536
3048.625	0.545
3048.75	0.553
3048.875	0.552
3049	0.555
3049.125	0.56
3049.25	0.557
3049.375	0.547
3049.5	0.544
3049.625	0.554
3049.75	0.568
3049.875	0.572
3050	0.564
3050.125	0.548
3050.25	0.539
3050.375	0.537
3050.5	0.537
3050.625	0.536
3050.75	0.53
3050.875	0.52
3051	0.508
3051.125	0.511
3051.25	0.53
3051.375	0.555
3051.5	0.569
3051.625	0.564
3051.75	0.55
3051.875	0.53
3052	0.516
3052.125	0.506
3052.25	0.502
3052.375	0.51
3052.5	0.52
3052.625	0.519
3052.75	0.498
3052.875	0.47
3053	0.462
3053.125	0.485
3053.25	0.528
3053.375	0.556
3053.5	0.568
3053.625	0.574
3053.75	0.579
3053.875	0.587
3054	0.594
3054.125	0.602
3054.25	0.605
3054.375	0.6
3054.5	0.595
3054.625	0.592
3054.75	0.59
3054.875	0.581
3055	0.566
3055.125	0.55
3055.25	0.525
3055.375	0.499
3055.5	0.488
3055.625	0.49
3055.75	0.498
3055.875	0.5
3056	0.495
3056.125	0.487
3056.25	0.472
3056.375	0.448
3056.5	0.432
3056.625	0.435
3056.75	0.455
3056.875	0.473
3057	0.482
3057.125	0.482
3057.25	0.472
3057.375	0.461
3057.5	0.463
3057.625	0.486
3057.75	0.524
3057.875	0.547
3058	0.555
3058.125	0.561
3058.25	0.566
3058.375	0.571
3058.5	0.572
3058.625	0.574
3058.75	0.583
3058.875	0.592
3059	0.59
3059.125	0.568
3059.25	0.538
3059.375	0.507
3059.5	0.479
3059.625	0.474
3059.75	0.484
3059.875	0.504
3060	0.519
3060.125	0.525
3060.25	0.525
3060.375	0.509
3060.5	0.478
3060.625	0.453
3060.75	0.436
3060.875	0.415
3061	0.397
3061.125	0.37
3061.25	0.325
3061.375	0.284
3061.5	0.247
3061.625	0.217
3061.75	0.198
3061.875	0.174
3062	0.154
3062.125	0.141
3062.25	0.135
3062.375	0.139
3062.5	0.144
3062.625	0.143
3062.75	0.133
3062.875	0.111
3063	0.085
3063.125	0.075
3063.25	0.078
3063.375	0.082
3063.5	0.089
3063.625	0.095
3063.75	0.095
3063.875	0.082
3064	0.054
3064.125	0.029
3064.25	0.013
3064.375	0.002
3064.5	0
3064.625	0.004
3064.75	0.014
3064.875	0.031
3065	0.052
3065.125	0.062
3065.25	0.069
3065.375	0.082
3065.5	0.094
3065.625	0.107
3065.75	0.115
3065.875	0.109
3066	0.094
3066.125	0.075
3066.25	0.066
3066.375	0.068
3066.5	0.073
3066.625	0.081
3066.75	0.084
3066.875	0.076
3067	0.064
3067.125	0.059
3067.25	0.065
3067.375	0.08
3067.5	0.113
3067.625	0.148
3067.75	0.174
3067.875	0.172
3068	0.145
3068.125	0.117
3068.25	0.099
3068.375	0.1
3068.5	0.102
3068.625	0.1
3068.75	0.091
3068.875	0.075
3069	0.059
3069.125	0.044
3069.25	0.041
3069.375	0.056
3069.5	0.084
3069.625	0.111
3069.75	0.134
3069.875	0.161
3070	0.177
3070.125	0.174
3070.25	0.149
3070.375	0.117
3070.5	0.082
3070.625	0.051
3070.75	0.043
3070.875	0.052
3071	0.076
3071.125	0.1
3071.25	0.129
3071.375	0.157
3071.5	0.189
3071.625	0.25
3071.75	0.308
3071.875	0.356
3072	0.39
3072.125	0.393
3072.25	0.382
3072.375	0.377
3072.5	0.388
3072.625	0.416
3072.75	0.442
3072.875	0.442
3073	0.415
3073.125	0.384
3073.25	0.365
3073.375	0.365
3073.5	0.381
3073.625	0.425
3073.75	0.515
3073.875	0.597
3074	0.638
3074.125	0.616
3074.25	0.555
3074.375	0.502
3074.5	0.472
3074.625	0.494
3074.75	0.543
3074.875	0.575
3075	0.564
3075.125	0.513
3075.25	0.46
3075.375	0.408
3075.5	0.345
3075.625	0.308
3075.75	0.304
3075.875	0.319
3076	0.356
3076.125	0.396
3076.25	0.411
3076.375	0.403
3076.5	0.387
3076.625	0.377
3076.75	0.376
3076.875	0.38
3077	0.387
3077.125	0.396
3077.25	0.405
3077.375	0.403
3077.5	0.386
3077.625	0.362
3077.75	0.343
3077.875	0.341
3078	0.364
3078.125	0.427
3078.25	0.531
3078.375	0.607
3078.5	0.655
3078.625	0.7
3078.75	0.73
3078.875	0.757
3079	0.793
3079.125	0.82
3079.25	0.82
3079.375	0.785
3079.5	0.676
3079.625	0.522
3079.75	0.43
3079.875	0.401
3080	0.415
3080.125	0.464
3080.25	0.557
3080.375	0.681
3080.5	0.752
3080.625	0.766
3080.75	0.757
3080.875	0.725
3081	0.686
3081.125	0.662
3081.25	0.642
3081.375	0.611
3081.5	0.584
3081.625	0.56
3081.75	0.538
3081.875	0.532
3082	0.538
3082.125	0.549
3082.25	0.556
3082.375	0.556
3082.5	0.554
3082.625	0.552
3082.75	0.543
3082.875	0.529
3083	0.517
3083.125	0.516
3083.25	0.525
3083.375	0.531
3083.5	0.536
3083.625	0.54
3083.75	0.548
3083.875	0.553
3084	0.539
3084.125	0.512
3084.25	0.5
3084.375	0.513
3084.5	0.546
3084.625	0.577
3084.75	0.603
3084.875	0.614
3085	0.598
3085.125	0.566
3085.25	0.531
3085.375	0.514
3085.5	0.505
3085.625	0.498
3085.75	0.49
3085.875	0.481
3086	0.475
3086.125	0.476
3086.25	0.483
3086.375	0.489
3086.5	0.487
3086.625	0.487
3086.75	0.492
3086.875	0.498
3087	0.496
3087.125	0.476
3087.25	0.444
3087.375	0.424
3087.5	0.424
3087.625	0.441
3087.75	0.463
3087.875	0.485
3088	0.51
3088.125	0.527
3088.25	0.542
3088.375	0.56
3088.5	0.573
3088.625	0.588
3088.75	0.602
3088.875	0.615
3089	0.627
3089.125	0.632
3089.25	0.632
3089.375	0.628
3089.5	0.623
3089.625	0.611
3089.75	0.593
3089.875	0.585
3090	0.59
3090.125	0.596
3090.25	0.594
3090.375	0.581
3090.5	0.566
3090.625	0.551
3090.75	0.533
3090.875	0.518
3091	0.502
3091.125	0.481
3091.25	0.464
3091.375	0.444
3091.5	0.429
3091.625	0.432
3091.75	0.456
3091.875	0.484
3092	0.505
3092.125	0.523
3092.25	0.53
3092.375	0.529
3092.5	0.525
3092.625	0.521
3092.75	0.526
3092.875	0.536
3093	0.542
3093.125	0.541
3093.25	0.545
3093.375	0.554
3093.5	0.571
3093.625	0.584
3093.75	0.577
3093.875	0.554
3094	0.533
3094.125	0.506
3094.25	0.47
3094.375	0.45
3094.5	0.457
3094.625	0.492
3094.75	0.526
3094.875	0.55
3095	0.564
3095.125	0.568
3095.25	0.57
3095.375	0.571
3095.5	0.568
3095.625	0.558
3095.75	0.548
3095.875	0.535
3096	0.503
3096.125	0.462
3096.25	0.412
3096.375	0.375
3096.5	0.377
3096.625	0.404
3096.75	0.433
3096.875	0.457
3097	0.477
3097.125	0.477
3097.25	0.453
3097.375	0.416
3097.5	0.392
3097.625	0.379
3097.75	0.382
3097.875	0.406
3098	0.459
3098.125	0.518
3098.25	0.567
3098.375	0.613
3098.5	0.629
3098.625	0.621
3098.75	0.604
3098.875	0.595
3099	0.591
3099.125	0.573
3099.25	0.543
3099.375	0.5
3099.5	0.462
3099.625	0.463
3099.75	0.514
3099.875	0.577
3100	0.625
3100.125	0.653
3100.25	0.651
3100.375	0.631
3100.5	0.6
3100.625	0.579
3100.75	0.562
3100.875	0.537
3101	0.516
3101.125	0.503
3101.25	0.494
3101.375	0.483
3101.5	0.457
3101.625	0.433
3101.75	0.425
3101.875	0.433
3102	0.445
3102.125	0.442
3102.25	0.438
3102.375	0.448
3102.5	0.495
3102.625	0.567
3102.75	0.611
3102.875	0.616
3103	0.608
3103.125	0.604
3103.25	0.619
3103.375	0.637
3103.5	0.63
3103.625	0.598
3103.75	0.566
3103.875	0.549
3104	0.545
3104.125	0.553
3104.25	0.567
3104.375	0.585
3104.5	0.592
3104.625	0.58
3104.75	0.561
3104.875	0.547
3105	0.548
3105.125	0.56
3105.25	0.567
3105.375	0.567
3105.5	0.564
3105.625	0.565
3105.75	0.573
3105.875	0.583
3106	0.593
3106.125	0.6
3106.25	0.602
3106.375	0.597
3106.5	0.586
3106.625	0.572
3106.75	0.557
3106.875	0.55
3107	0.548
3107.125	0.546
3107.25	0.539
3107.375	0.51
3107.5	0.459
3107.625	0.42
3107.75	0.404
3107.875	0.405
3108	0.432
3108.125	0.473
3108.25	0.499
3108.375	0.516
3108.5	0.539
3108.625	0.556
3108.75	0.551
3108.875	0.517
3109	0.479
3109.125	0.444
3109.25	0.411
3109.375	0.382
3109.5	0.362
3109.625	0.369
3109.75	0.4
3109.875	0.441
3110	0.462
3110.125	0.473
3110.25	0.49
3110.375	0.507
3110.5	0.521
3110.625	0.531
3110.75	0.532
3110.875	0.535
3111	0.539
3111.125	0.54
3111.25	0.531
3111.375	0.517
3111.5	0.514
3111.625	0.527
3111.75	0.547
3111.875	0.56
3112	0.562
3112.125	0.557
3112.25	0.557
3112.375	0.561
3112.5	0.567
3112.625	0.58
3112.75	0.595
3112.875	0.618
3113	0.642
3113.125	0.653
3113.25	0.652
3113.375	0.644
3113.5	0.633
3113.625	0.613
3113.75	0.574
3113.875	0.54
3114	0.507
3114.125	0.478
3114.25	0.462
3114.375	0.449
3114.5	0.446
3114.625	0.448
3114.75	0.46
3114.875	0.473
3115	0.478
3115.125	0.472
3115.25	0.459
3115.375	0.44
3115.5	0.413
3115.625	0.397
3115.75	0.396
3115.875	0.394
3116	0.368
3116.125	0.313
3116.25	0.271
3116.375	0.254
3116.5	0.254
3116.625	0.264
3116.75	0.269
3116.875	0.252
3117	0.218
3117.125	0.173
3117.25	0.134
3117.375	0.125
3117.5	0.14
3117.625	0.165
3117.75	0.187
3117.875	0.197
3118	0.186
3118.125	0.162
3118.25	0.139
3118.375	0.134
3118.5	0.141
3118.625	0.141
3118.75	0.127
3118.875	0.093
3119	0.058
3119.125	0.042
3119.25	0.043
3119.375	0.055
3119.5	0.066
3119.625	0.082
3119.75	0.098
3119.875	0.132
3120	0.204
3120.125	0.275
3120.25	0.341
3120.375	0.396
3120.5	0.428
3120.625	0.459
3120.75	0.475
3120.875	0.479
3121	0.486
3121.125	0.496
3121.25	0.506
3121.375	0.496
3121.5	0.467
3121.625	0.433
3121.75	0.406
3121.875	0.404
3122	0.403
3122.125	0.394
3122.25	0.373
3122.375	0.348
3122.5	0.338
3122.625	0.345
3122.75	0.375
3122.875	0.408
3123	0.437
3123.125	0.459
3123.25	0.468
3123.375	0.479
3123.5	0.487
3123.625	0.484
3123.75	0.472
3123.875	0.465
3124	0.48
3124.125	0.526
3124.25	0.576
3124.375	0.621
3124.5	0.655
3124.625	0.655
3124.75	0.626
3124.875	0.589
3125	0.573
3125.125	0.583
3125.25	0.606
3125.375	0.65
3125.5	0.71
3125.625	0.743
3125.75	0.74
3125.875	0.719
3126	0.7
3126.125	0.682
3126.25	0.66
3126.375	0.647
3126.5	0.645
3126.625	0.648
3126.75	0.647
3126.875	0.63
3127	0.604
3127.125	0.561
3127.25	0.509
3127.375	0.479
3127.5	0.463
3127.625	0.449
3127.75	0.438
3127.875	0.415
3128	0.369
3128.125	0.329
3128.25	0.301
3128.375	0.28
3128.5	0.266
3128.625	0.256
3128.75	0.255
3128.875	0.263
3129	0.288
3129.125	0.32
3129.25	0.352
3129.375	0.387
3129.5	0.409
3129.625	0.434
3129.75	0.46
3129.875	0.465
3130	0.455
3130.125	0.443
3130.25	0.435
3130.375	0.427
3130.5	0.422
3130.625	0.421
3130.75	0.429
3130.875	0.442
3131	0.457
3131.125	0.472
3131.25	0.483
3131.375	0.488
3131.5	0.488
3131.625	0.48
3131.75	0.48
3131.875	0.494
3132	0.521
3132.125	0.557
3132.25	0.584
3132.375	0.605
3132.5	0.623
3132.625	0.627
3132.75	0.625
3132.875	0.617
3133	0.606
3133.125	0.589
3133.25	0.569
3133.375	0.543
3133.5	0.507
3133.625	0.485
3133.75	0.487
3133.875	0.504
3134	0.52
3134.125	0.527
3134.25	0.549
3134.375	0.581
3134.5	0.626
3134.625	0.661
3134.75	0.666
3134.875	0.657
3135	0.648
3135.125	0.648
3135.25	0.666
3135.375	0.691
3135.5	0.713
3135.625	0.718
3135.75	0.709
3135.875	0.704
3136	0.701
3136.125	0.699
3136.25	0.69
3136.375	0.677
3136.5	0.664
3136.625	0.649
3136.75	0.64
3136.875	0.632
3137	0.629
3137.125	0.638
3137.25	0.671
3137.375	0.715
3137.5	0.735
3137.625	0.725
3137.75	0.697
3137.875	0.671
3138	0.648
3138.125	0.63
3138.25	0.627
3138.375	0.64
3138.5	0.655
3138.625	0.654
3138.75	0.63
3138.875	0.602
3139	0.569
3139.125	0.504
3139.25	0.429
3139.375	0.325
3139.5	0.219
3139.625	0.141
3139.75	0.073
3139.875	0.044
3140	0.035
3140.125	0.047
3140.25	0.07
3140.375	0.077
3140.5	0.059
3140.625	0.031
3140.75	0.013
3140.875	0.008
3141	0.014
3141.125	0.018
3141.25	0.019
3141.375	0.021
3141.5	0.034
3141.625	0.053
3141.75	0.074
3141.875	0.093
3142	0.099
3142.125	0.095
3142.25	0.094
3142.375	0.099
3142.5	0.103
3142.625	0.101
3142.75	0.102
3142.875	0.132
3143	0.181
3143.125	0.229
3143.25	0.249
3143.375	0.225
3143.5	0.172
3143.625	0.115
3143.75	0.094
3143.875	0.102
3144	0.124
3144.125	0.145
3144.25	0.171
3144.375	0.195
3144.5	0.207
3144.625	0.202
3144.75	0.183
3144.875	0.154
3145	0.126
3145.125	0.119
3145.25	0.139
3145.375	0.189
3145.5	0.248
3145.625	0.35
3145.75	0.471
3145.875	0.609
3146	0.781
3146.125	0.89
3146.25	0.955
3146.375	0.996
3146.5	1
3146.625	0.991
3146.75	0.969
3146.875	0.933
3147	0.839
3147.125	0.672
3147.25	0.549
3147.375	0.508
3147.5	0.509
3147.625	0.545
3147.75	0.58
3147.875	0.594
3148	0.61
3148.125	0.635
3148.25	0.651
3148.375	0.654
3148.5	0.65
3148.625	0.648
3148.75	0.645
3148.875	0.637
3149	0.622
3149.125	0.608
3149.25	0.605
3149.375	0.594
3149.5	0.559
3149.625	0.522
3149.75	0.49
3149.875	0.449
3150	0.417
3150.125	0.392
3150.25	0.387
3150.375	0.405
3150.5	0.43
3150.625	0.451
3150.75	0.464
3150.875	0.486
3151	0.507
3151.125	0.525
3151.25	0.532
3151.375	0.527
3151.5	0.522
3151.625	0.529
3151.75	0.54
3151.875	0.545
3152	0.554
3152.125	0.568
3152.25	0.588
3152.375	0.602
3152.5	0.602
3152.625	0.595
3152.75	0.59
3152.875	0.588
3153	0.586
3153.125	0.585
3153.25	0.579
3153.375	0.57
3153.5	0.567
3153.625	0.576
3153.75	0.587
3153.875	0.599
3154	0.62
3154.125	0.639
3154.25	0.652
3154.375	0.659
3154.5	0.659
3154.625	0.659
3154.75	0.657
3154.875	0.655
3155	0.655
3155.125	0.656
3155.25	0.655
3155.375	0.647
3155.5	0.635
3155.625	0.623
3155.75	0.614
3155.875	0.608
3156	0.585
3156.125	0.528
3156.25	0.472
3156.375	0.426
3156.5	0.391
3156.625	0.382
3156.75	0.378
3156.875	0.372
3157	0.364
3157.125	0.352
3157.25	0.342
3157.375	0.327
3157.5	0.308
3157.625	0.301
3157.75	0.307
3157.875	0.323
3158	0.34
3158.125	0.367
3158.25	0.416
3158.375	0.461
3158.5	0.505
3158.625	0.546
3158.75	0.568
3158.875	0.56
3159	0.525
3159.125	0.473
3159.25	0.41
3159.375	0.375
3159.5	0.372
3159.625	0.409
3159.75	0.466
3159.875	0.525
3160	0.569
3160.125	0.573
3160.25	0.557
3160.375	0.543
3160.5	0.541
3160.625	0.545
3160.75	0.554
3160.875	0.57
3161	0.599
3161.125	0.622
3161.25	0.634
3161.375	0.636
3161.5	0.629
3161.625	0.615
3161.75	0.599
3161.875	0.579
3162	0.558
3162.125	0.552
3162.25	0.562
3162.375	0.582
3162.5	0.597
3162.625	0.599
3162.75	0.58
3162.875	0.554
3163	0.533
3163.125	0.516
3163.25	0.512
3163.375	0.51
3163.5	0.506
3163.625	0.505
3163.75	0.514
3163.875	0.527
3164	0.534
3164.125	0.533
3164.25	0.527
3164.375	0.526
3164.5	0.532
3164.625	0.535
3164.75	0.507
3164.875	0.456
3165	0.377
3165.125	0.281
3165.25	0.228
3165.375	0.206
3165.5	0.2
3165.625	0.21
3165.75	0.23
3165.875	0.249
3166	0.253
3166.125	0.243
3166.25	0.223
3166.375	0.206
3166.5	0.189
3166.625	0.176
3166.75	0.181
3166.875	0.191
3167	0.193
3167.125	0.188
3167.25	0.185
3167.375	0.185
3167.5	0.179
3167.625	0.169
3167.75	0.162
3167.875	0.163
3168	0.168
3168.125	0.174
3168.25	0.176
3168.375	0.17
3168.5	0.157
3168.625	0.147
3168.75	0.151
3168.875	0.164
3169	0.174
3169.125	0.177
3169.25	0.184
3169.375	0.193
3169.5	0.196
3169.625	0.184
3169.75	0.168
3169.875	0.149
3170	0.136
3170.125	0.14
3170.25	0.158
3170.375	0.179
3170.5	0.187
3170.625	0.183
3170.75	0.169
3170.875	0.153
3171	0.129
3171.125	0.1
3171.25	0.069
3171.375	0.042
3171.5	0.038
3171.625	0.047
3171.75	0.052
3171.875	0.049
3172	0.047
3172.125	0.054
3172.25	0.067
3172.375	0.087
3172.5	0.121
3172.625	0.152
3172.75	0.184
3172.875	0.211
3173	0.214
3173.125	0.203
3173.25	0.193
3173.375	0.189
3173.5	0.176
3173.625	0.158
3173.75	0.138
3173.875	0.123
3174	0.119
3174.125	0.12
3174.25	0.125
3174.375	0.131
3174.5	0.14
3174.625	0.147
3174.75	0.149
3174.875	0.148
3175	0.147
3175.125	0.15
3175.25	0.155
3175.375	0.154
3175.5	0.146
3175.625	0.137
3175.75	0.136
3175.875	0.142
3176	0.151
3176.125	0.159
3176.25	0.166
3176.375	0.168
3176.5	0.168
3176.625	0.173
3176.75	0.18
3176.875	0.187
3177	0.196
3177.125	0.203
3177.25	0.214
3177.375	0.224
3177.5	0.228
3177.625	0.234
3177.75	0.244
3177.875	0.256
3178	0.27
3178.125	0.279
3178.25	0.286
3178.375	0.283
3178.5	0.27
3178.625	0.248
3178.75	0.224
3178.875	0.21
3179	0.201
3179.125	0.196
3179.25	0.205
3179.375	0.223
3179.5	0.236
3179.625	0.237
3179.75	0.228
3179.875	0.216
3180	0.203
3180.125	0.196
3180.25	0.202
3180.375	0.217
3180.5	0.231
3180.625	0.232
3180.75	0.225
3180.875	0.216
3181	0.213
3181.125	0.215
3181.25	0.219
3181.375	0.221
3181.5	0.225
3181.625	0.233
3181.75	0.247
3181.875	0.259
3182	0.257
3182.125	0.237
3182.25	0.218
3182.375	0.214
3182.5	0.214
3182.625	0.211
3182.75	0.196
3182.875	0.177
3183	0.171
3183.125	0.181
3183.25	0.2
3183.375	0.211
3183.5	0.21
3183.625	0.204
3183.75	0.2
3183.875	0.197
3184	0.192
3184.125	0.19
3184.25	0.197
3184.375	0.21
3184.5	0.217
3184.625	0.207
3184.75	0.187
3184.875	0.172
3185	0.178
3185.125	0.2
3185.25	0.224
3185.375	0.233
3185.5	0.222
3185.625	0.201
3185.75	0.184
3185.875	0.188
3186	0.205
3186.125	0.217
3186.25	0.215
3186.375	0.21
3186.5	0.208
3186.625	0.21
3186.75	0.21
3186.875	0.209
3187	0.206
3187.125	0.203
3187.25	0.2
3187.375	0.199
3187.5	0.204
3187.625	0.218
3187.75	0.242
3187.875	0.256
3188	0.251
3188.125	0.226
3188.25	0.2
3188.375	0.184
3188.5	0.18
3188.625	0.188
3188.75	0.197
3188.875	0.203
3189	0.205
3189.125	0.21
3189.25	0.214
3189.375	0.212
3189.5	0.202
3189.625	0.19
3189.75	0.177
3189.875	0.164
3190	0.158
3190.125	0.159
3190.25	0.164
3190.375	0.178
3190.5	0.196
3190.625	0.203
3190.75	0.2
3190.875	0.193
3191	0.191
3191.125	0.196
3191.25	0.198
3191.375	0.193
3191.5	0.185
3191.625	0.182
3191.75	0.184
3191.875	0.192
3192	0.199
3192.125	0.206
3192.25	0.215
3192.375	0.224
3192.5	0.233
3192.625	0.234
3192.75	0.224
3192.875	0.204
3193	0.178
3193.125	0.166
3193.25	0.167
3193.375	0.17
3193.5	0.166
3193.625	0.161
3193.75	0.161
3193.875	0.162
3194	0.159
3194.125	0.155
3194.25	0.16
3194.375	0.173
3194.5	0.181
3194.625	0.173
3194.75	0.151
3194.875	0.132
3195	0.118
3195.125	0.108
3195.25	0.109
3195.375	0.121
3195.5	0.131
3195.625	0.13
3195.75	0.123
3195.875	0.12
3196	0.133
3196.125	0.161
3196.25	0.193
3196.375	0.252
3196.5	0.327
3196.625	0.41
3196.75	0.482
3196.875	0.499
3197	0.496
3197.125	0.504
3197.25	0.519
3197.375	0.525
3197.5	0.511
3197.625	0.487
3197.75	0.466
3197.875	0.456
3198	0.46
